00A010100000
00B010110000
00C010120000
01EE10004000
009000000000
110E29000000
009000000000
110E29000003
110E29000001
009000000000
110E29000002
107E20000000
067710002000
109E20000002
007900000000
00AA70000000
107A00000000
108E20000002
068810002000
109E20000001
008890000000
00BB80000000
108B00000000
109E20000003
029789000000
110E29000003
107E20000000
067710002000
109E20000002
007900000000
01AA70000000
108E20000002
068810002000
109E20000001
008890000000
01BB80000000
109E20000002
009910001000
110E29000002
0A991200400B
109E20000003
110C09000000
00CC10001000
109E20000001
009910001000
110E29000001
0A9912004009
109E20000000
009910001000
110E29000000
0A9912004006
01CC1000F000
110E20000000
110E20000001
110E20000002
110E20000003
00EE10004000
150000000000
